23 0 20 8 15 0 21 6 17 0 0 0 0 0 0 24 19 0 0 0 12 0 0 0 2
0 0 14 3 11 0 16 2 0 13 0 0 0 17 0 0 15 0 18 0 0 0 0 0 0
0 0 0 4 7 14 0 0 0 0 0 0 1 0 0 8 0 3 0 0 0 11 0 22 24
0 0 0 6 0 23 0 0 0 0 0 0 0 19 0 10 0 0 0 25 0 0 0 0 0
10 0 9 0 13 0 8 15 19 0 24 0 0 22 6 0 0 11 12 0 0 18 4 0 20
0 3 0 0 10 0 25 0 0 16 0 0 4 21 9 22 0 0 8 20 0 12 0 7 17
20 25 8 1 18 19 24 0 9 0 0 0 0 0 22 0 14 0 2 0 0 0 3 11 0
16 0 23 0 22 0 0 0 18 4 17 0 0 10 0 7 0 0 15 5 0 0 0 24 0
21 0 5 0 19 12 0 0 0 0 11 8 0 20 0 0 0 9 0 16 15 0 0 0 18
0 0 7 15 0 0 5 0 10 17 3 0 0 0 0 21 0 6 0 19 0 22 14 0 0
18 0 0 0 0 0 0 0 23 0 2 10 0 5 0 20 3 0 21 1 0 0 0 0 0
0 23 21 2 5 0 6 0 15 0 19 0 12 16 14 25 22 10 24 7 18 9 11 8 13
4 14 6 20 1 11 2 18 25 5 9 22 24 7 8 17 13 12 23 15 10 16 19 3 21
8 9 13 25 12 7 19 21 24 10 1 20 18 23 3 16 6 2 14 11 22 4 17 5 15
24 7 11 10 17 16 12 22 3 8 6 21 25 15 13 4 18 19 5 9 1 20 23 2 14
13 2 19 16 20 5 23 7 8 22 10 17 14 4 12 15 9 25 3 24 21 1 18 6 11
7 12 24 21 8 18 11 10 1 14 20 23 22 13 2 5 4 17 19 6 3 15 25 9 16
11 6 10 17 4 9 3 12 2 25 5 15 16 8 19 18 20 13 1 21 7 23 24 14 22
1 5 3 23 9 21 17 19 16 15 25 6 11 24 18 14 8 7 22 12 2 13 10 20 4
25 15 18 22 14 13 4 24 6 20 21 3 7 9 1 11 2 23 16 10 8 17 5 12 19
2 11 1 7 25 10 15 8 13 12 18 19 20 14 21 6 23 5 4 3 17 24 22 16 9
17 8 12 13 21 2 22 25 7 6 4 24 9 1 5 19 16 15 10 14 11 3 20 18 23
15 10 22 9 6 3 14 4 20 24 16 13 23 25 17 12 1 21 11 18 5 2 8 19 7
5 19 4 18 3 17 9 16 11 23 22 12 10 2 15 13 7 24 20 8 25 14 6 21 1
14 20 16 24 23 1 18 5 21 19 8 11 6 3 7 9 25 22 17 2 4 10 15 13 0

0 0 0 8 15 0 21 6 17 0 0 0 0 0 0 24 19 0 0 0 12 0 0 0 2
0 0 0 3 11 0 16 2 4 13 7 25 8 17 0 1 15 20 18 22 6 19 9 10 5
0 0 0 4 7 14 0 0 0 0 0 0 1 0 0 8 0 3 0 0 0 11 0 22 24
0 0 17 6 2 23 1 0 12 11 0 18 0 0 4 10 5 16 9 0 13 8 7 15 3
10 0 9 0 13 0 8 15 0 0 24 0 0 0 6 0 0 11 12 0 0 18 4 0 20
6 3 2 0 0 15 25 1 14 16 23 5 4 0 9 22 24 18 8 0 19 12 13 7 17
0 0 0 0 0 0 0 0 9 0 12 7 0 6 0 0 14 4 2 17 16 5 3 11 10
0 0 0 12 0 6 0 3 0 4 0 14 0 10 0 7 0 1 15 5 9 21 2 24 8
0 0 5 14 0 0 7 0 0 2 0 8 0 0 0 3 0 9 25 16 15 6 1 4 18
9 4 7 0 0 8 5 0 10 17 3 1 2 18 0 0 12 6 0 19 20 22 14 23 25
18 0 0 0 0 0 0 0 23 0 2 10 0 5 0 0 3 0 21 1 0 0 0 0 0
3 23 21 2 5 20 6 17 15 1 0 4 0 0 0 0 0 0 0 7 0 9 0 0 13
4 0 6 0 1 11 2 18 25 5 9 0 24 7 8 17 13 12 23 15 10 16 19 3 0
8 9 13 0 0 7 19 21 24 10 1 20 0 23 3 16 6 2 14 11 22 4 17 5 15
0 0 0 0 0 16 0 0 3 8 6 21 25 15 0 4 18 0 5 9 0 0 0 0 0
13 2 19 16 20 5 0 7 8 22 10 17 14 4 12 15 9 25 3 24 21 1 18 6 11
7 12 0 0 0 0 0 0 1 14 20 23 0 13 0 0 0 17 19 6 0 15 25 9 16
11 6 10 17 4 9 3 0 2 25 5 0 0 8 0 18 20 13 1 21 7 23 24 14 22
1 5 3 23 9 21 17 19 16 15 0 6 11 24 18 14 8 7 22 12 2 13 10 20 4
25 15 18 22 14 13 4 24 6 0 21 3 7 9 1 11 2 23 16 10 8 17 5 12 19
2 11 1 7 25 10 15 8 13 12 18 19 0 0 0 6 0 5 4 3 17 24 22 16 9
17 8 12 13 21 2 0 25 7 6 4 24 9 1 5 19 16 15 0 0 11 3 20 18 23
15 10 22 9 6 3 14 4 20 24 16 0 23 25 17 12 1 21 11 18 5 2 8 0 7
5 0 0 0 0 17 9 16 11 23 0 0 0 0 0 0 7 24 20 0 0 0 6 21 1
14 0 16 24 23 1 18 5 21 19 8 11 6 3 7 9 25 22 17 2 4 10 15 13 0

  23 17  6  .  . 12  3  . 25  . 20  .  .  . 22  . 16  .  8 24  .  . 13  7  1
  11  .  .  .  .  . 23 10 21  .  .  .  .  .  .  .  6 12 17  .  .  .  .  .  5
   7  .  . 14  . 15  2 13  .  5  8 23 11 17  3 18  . 10 20  1  .  9  .  . 24
   .  .  5  .  1  .  .  . 17 22  .  . 24  .  .  3 21  .  .  . 23  .  8  .  .
   .  .  . 16  3  8  1  .  . 24  9  2  . 25  6 14  .  . 13  5 10 17  .  .  .
   8  . 18  . 21  .  4 15  .  .  .  6  . 22  .  .  .  1 25  . 20  . 14  . 10
  17 19  3  . 23 14  .  .  .  . 21  .  .  .  4  .  .  .  . 22 24  .  7  1 12
   .  5  1  .  . 19  .  . 10 23 15 12  . 13  9  8  4  .  .  7  .  . 18 11  .
  15 16  .  4  .  .  .  7  . 18 17 24  .  3 23 10  . 20  .  .  .  5  . 13 19
   .  . 22 13  7  .  . 24 12  8  . 16  . 20  . 17 23  9  .  .  4  3 25  .  .
   6  . 11  .  4  . 20 18 22  .  .  3  . 24  .  . 14 19 12  .  8  .  5  . 13
   .  . 10  .  5  9  . 19  2  1  7  .  .  . 25  4 18 13  . 17  6  . 16  .  .
   .  . 14 18  .  .  .  .  .  .  .  .  .  .  .  .  .  .  .  .  . 10 23  .  .
   .  .  9  . 17  6  .  5 23  3  1  .  .  . 10  7  2  8  . 11 19  . 24  .  .
   1  . 23  .  8  . 12 16 11  .  .  4  . 19  .  . 15 24 10  .  7  .  2  . 17
   .  . 15 23 14  .  .  8 24  4  . 25  . 21  .  6  1  3  .  . 17 20 12  .  .
  25 11  .  2  .  .  . 12  .  6 16 20  . 15 24 19  . 22  .  .  . 14  . 10  8
   . 13 17  .  . 16  .  . 19 21 11 22  .  1 12 25  8  .  . 14  .  .  3 23  .
   5  8 20  . 16 23  .  .  .  . 10  .  .  . 14  .  .  .  . 12 13  . 19 24  2
  18  .  7  .  6  . 10 17  .  .  .  9  .  8  .  .  . 16  5  . 22  . 15  . 25
   .  .  . 19 11  1 18  .  . 13 12 10  .  5 20  2  .  .  9  6 15 24  .  .  .
   .  .  4  . 13  .  .  . 20  9  .  . 19  .  . 23 10  .  .  .  3  .  6  .  .
  20  .  . 17  . 21 25 14  . 12  3 15  9  4  8 11  .  7 19 13  .  1  .  . 23
   3  .  .  .  .  .  7  2  6  .  .  .  .  .  .  . 25  4  1  .  .  .  .  . 18
   9 25  2  .  .  4 19  .  3  . 22  .  .  . 18  . 24  . 21  8  .  . 20  5 14

